cae3058aabda4d7be4655adb8072496c2326d1ff

W81000
benchmark.py 0.0 10 14000  1000 25000
turns    npart t/turn[ms] t/turn/part[us]
   10    14000      81.16       5.80
   10    15000      81.25       5.42
   10    16000      80.87       5.05
   10    17000      80.90       4.76
   10    18000      80.81       4.49
   10    19000      80.80       4.25
   10    20000      80.77       4.04
   10    21000     150.45       7.16
   10    22000     150.48       6.84
   10    23000     150.46       6.54
   10    24000     150.48       6.27
   10    25000     150.30       6.01


V100 Monitor in the kernel
turns    npart t/turn[ms] t/turn/part[us]
   10    10000      19.58       1.96
   10    15000      20.32       1.35
   10    20000      21.21       1.06
   10    25000      21.68       0.87
   10    30000      20.94       0.70
   10    35000      20.81       0.59
   10    40000      20.81       0.52
   10    45000      39.13       0.87
   10    50000      46.10       0.92

