Device: TITAN V
turns    npart t/turn[ms] t/turn/part[us]
    3     1000      41.46      41.46
    3     4000      44.80      11.20
    3     7000      44.22       6.32
    3    10000      42.50       4.25
    3    13000      45.33       3.49
    3    16000      45.00       2.81
    3    19000      43.75       2.30
    3    22000      47.21       2.15
    3    25000      19.23       0.77
    3    28000      19.44       0.69
    3    31000      19.59       0.63
    3    34000      19.58       0.58
    3    37000      19.59       0.53
    3    40000      19.84       0.50
    3    43000      65.84       1.53
    3    46000      86.65       1.88
    3    49000      90.83       1.85
    3    52000      91.15       1.75
    3    55000      88.87       1.62
    3    58000      92.20       1.59


